23 21 21 21 21 21 21 21 21 21 21 21 21 21 21 21 21 21 21 21 26
22 00 00 00 00 00 00 00 00 00 00 00 00 00 00 00 00 00 00 00 22
22 00 13 14 00 13 21 21 21 21 21 21 21 21 21 14 00 13 14 00 22
22 01 00 00 00 00 00 00 00 00 00 00 00 00 00 00 00 00 00 01 22
33 21 21 21 14 00 13 21 21 21 21 21 21 21 14 00 13 21 21 21 34
22 00 00 00 00 00 00 00 00 00 00 00 00 00 00 00 00 00 00 00 22
22 00 23 21 21 14 00 13 21 21 21 21 21 14 00 13 21 21 26 00 22
22 00 22 00 00 00 00 00 00 00 00 00 00 00 00 00 00 00 22 00 22
11 00 22 00 23 21 14 00 13 21 21 21 14 00 13 21 26 00 22 00 11
00 00 11 00 22 00 00 00 00 00 00 00 00 00 00 00 22 00 11 00 00
12 00 00 00 11 00 23 14 00 13 21 14 00 13 26 00 11 00 00 00 12
22 00 12 00 00 00 11 00 00 00 00 00 00 00 11 00 00 00 12 00 22
22 00 22 00 12 00 00 00 23 21 21 21 26 00 00 00 12 00 22 00 22
22 00 22 00 22 00 12 00 22 99 99 99 22 00 12 00 22 00 22 00 22
22 00 22 00 22 00 11 00 22 99 99 99 22 00 11 00 22 00 22 00 22
22 00 22 00 11 00 00 00 24 21 21 21 25 00 00 00 11 00 22 00 22
22 00 11 00 00 00 12 00 00 00 00 00 00 00 12 00 00 00 11 00 22
11 00 00 00 12 00 24 14 00 13 21 14 00 13 25 00 12 00 00 00 11
00 00 12 00 22 00 00 00 00 00 00 00 00 00 00 00 22 00 12 00 00
12 00 22 00 24 21 14 00 13 21 21 21 14 00 13 21 25 00 22 00 12
22 00 22 00 00 00 00 00 00 00 00 00 00 00 00 00 00 00 22 00 22
22 00 24 21 21 14 00 13 21 14 00 13 21 14 00 13 21 21 25 00 22
22 00 00 00 00 00 00 00 00 00 00 00 00 00 00 00 00 00 00 00 22
33 21 21 21 14 00 13 21 21 21 21 21 21 21 14 00 13 21 21 21 34
22 01 00 00 00 00 00 00 00 00 00 00 00 00 00 00 00 00 00 01 22
22 00 13 14 00 13 21 21 21 21 21 21 21 21 21 14 00 13 14 00 22
22 00 00 00 00 00 00 00 00 00 00 00 00 00 00 00 00 00 00 00 22
24 21 21 21 21 21 21 21 21 21 21 21 21 21 21 21 21 21 21 21 25
