23 21 21 21 21 21 21 21 21 21 21 21 21 21 21 21 21 21 21 21 26
22 00 00 00 00 00 00 00 00 00 00 00 00 00 00 00 00 00 00 00 22
22 01 12 00 23 21 26 00 23 21 21 21 26 00 23 21 26 00 12 01 22
22 00 22 00 24 21 25 00 22 00 00 00 22 00 24 21 25 00 22 00 22
22 00 22 00 00 00 00 00 22 00 12 00 22 00 00 00 00 00 22 00 22
22 00 33 21 26 00 12 00 22 00 22 00 22 00 12 00 23 21 34 00 22
22 00 24 21 25 00 22 00 11 00 22 00 11 00 22 00 24 21 25 00 22
22 00 00 00 00 00 22 00 00 00 22 00 00 00 22 00 00 00 00 00 22
24 21 26 00 23 21 31 21 26 00 22 00 23 21 31 21 26 00 23 21 25
99 99 22 00 22 99 99 99 22 00 22 00 22 99 99 99 22 00 22 99 99
99 99 22 00 24 21 32 21 25 00 11 00 24 21 32 21 25 00 22 99 99
99 99 22 00 00 00 22 00 00 00 00 00 00 00 22 00 00 00 22 99 99
21 21 25 00 12 00 22 00 23 14 00 13 26 00 22 00 12 00 24 21 21
00 00 00 00 22 00 11 00 22 00 00 00 22 00 11 00 22 00 00 00 00
21 21 21 21 34 00 00 00 22 00 00 00 22 00 00 00 33 21 21 21 21
21 21 21 21 34 00 12 00 24 21 21 21 25 00 12 00 33 21 21 21 21
00 00 00 00 11 00 22 00 00 00 00 00 00 00 22 00 11 00 00 00 00
21 21 26 00 00 00 24 21 14 00 12 00 13 21 25 00 00 00 23 21 21
99 99 22 00 12 00 00 00 00 00 22 00 00 00 00 00 12 00 22 99 99
99 99 22 00 33 21 26 00 12 00 22 00 12 00 23 21 34 00 22 99 99
23 21 25 00 24 21 25 00 22 00 11 00 22 00 24 21 25 00 24 21 26
22 00 00 00 00 00 00 00 22 00 00 00 22 00 00 00 00 00 00 00 22
22 00 23 21 14 00 12 00 24 21 21 21 25 00 12 00 13 21 26 00 22
22 00 22 00 00 00 22 00 00 00 00 00 00 00 22 00 00 00 22 00 22
22 01 22 00 23 21 31 21 26 00 12 00 23 21 31 21 26 00 22 01 22
22 00 11 00 24 21 21 21 25 00 22 00 24 21 21 21 25 00 11 00 22
22 00 00 00 00 00 00 00 00 00 22 00 00 00 00 00 00 00 00 00 22
24 21 21 21 21 21 21 21 21 21 31 21 21 21 21 21 21 21 21 21 25
