23 21 21 21 21 21 32 21 21 21 21 21 21 21 32 21 21 21 21 21 26
22 00 00 00 00 00 22 00 00 00 00 00 00 00 22 00 00 00 00 00 22
22 01 23 21 26 00 22 00 23 21 21 21 26 00 22 00 23 21 26 01 22
22 00 24 21 25 00 11 00 24 21 21 21 25 00 11 00 24 21 25 00 22
22 00 00 00 00 00 00 00 00 00 00 00 00 00 00 00 00 00 00 00 22
24 21 26 00 12 00 23 21 26 00 12 00 23 21 26 00 12 00 23 21 25
99 99 22 00 22 00 22 99 22 00 22 00 22 99 22 00 22 00 22 99 99
21 21 25 00 22 00 24 21 25 00 22 00 24 21 25 00 22 00 24 21 21
99 99 99 00 22 00 00 00 00 00 22 00 00 00 00 00 22 00 99 99 99
21 21 26 00 33 21 26 00 23 21 31 21 26 00 23 21 34 00 23 21 21
90 90 22 00 24 21 25 00 24 21 21 21 25 00 24 21 25 00 22 90 90
90 90 22 00 00 00 00 00 00 00 00 00 00 00 00 00 00 00 22 90 90
90 90 22 00 23 21 14 00 23 21 21 21 26 00 13 21 26 00 22 90 90
90 90 22 00 22 00 00 00 22 90 90 90 22 00 00 00 22 00 22 90 90
90 90 22 00 22 00 12 00 22 90 90 90 22 00 12 00 22 00 22 90 90
21 21 25 00 11 00 22 00 24 21 21 21 25 00 22 00 11 00 24 21 21
99 99 99 00 00 00 22 00 00 00 00 00 00 00 22 00 00 00 99 99 99
21 21 26 00 13 21 31 21 14 00 12 00 13 21 31 21 14 00 23 21 21
90 90 22 00 00 00 00 00 00 00 22 00 00 00 00 00 00 00 22 90 90
90 90 22 00 23 21 26 00 23 21 31 21 26 00 23 21 26 00 22 90 90
23 21 25 00 24 21 25 00 24 21 21 21 25 00 24 21 25 00 24 21 26
22 00 00 00 00 00 00 00 00 00 00 00 00 00 00 00 00 00 00 00 22
22 00 23 21 26 00 23 21 14 00 12 00 13 21 26 00 23 21 26 00 22
22 00 22 99 22 00 22 00 00 00 22 00 00 00 22 00 22 99 22 00 22
22 01 22 99 22 00 22 00 23 21 31 21 26 00 22 00 22 99 22 01 22
22 00 24 21 25 00 11 00 24 21 21 21 25 00 11 00 24 21 25 00 22
22 00 00 00 00 00 00 00 00 00 00 00 00 00 00 00 00 00 00 00 22
24 21 21 21 21 21 21 21 21 21 21 21 21 21 21 21 21 21 21 21 25
