21 21 21 21 21 21 32 21 21 21 21 21 21 21 32 21 21 21 21 21 21
00 00 00 00 00 00 22 00 00 00 00 00 00 00 22 00 00 00 00 00 00
21 21 21 21 26 00 22 00 23 21 21 21 26 00 22 00 23 21 21 21 21
23 21 21 21 25 00 11 00 24 21 21 21 25 00 11 00 24 21 21 21 26
22 01 00 00 00 00 00 00 00 00 22 00 00 00 00 00 00 00 00 01 22
22 00 23 21 21 21 26 00 12 00 22 00 12 00 23 21 21 21 26 00 22
22 00 33 21 21 21 25 00 22 00 22 00 22 00 24 21 21 21 34 00 22
22 00 22 00 00 00 00 00 22 00 22 00 22 00 00 00 00 00 22 00 22
22 00 11 00 13 21 26 00 22 00 11 00 22 00 23 21 14 00 11 00 22
22 00 00 00 00 00 22 00 22 00 00 00 22 00 22 00 00 00 00 00 22
33 21 21 21 14 00 22 00 24 21 21 21 25 00 22 00 13 21 21 21 34
22 00 00 00 00 00 22 00 00 00 00 00 00 00 22 00 00 00 00 00 22
22 00 23 21 26 00 22 00 23 14 00 13 26 00 22 00 23 21 26 00 22
22 00 24 21 34 00 11 00 22 00 00 00 22 00 11 00 33 21 25 00 22
22 00 00 00 22 00 00 00 22 00 00 00 22 00 00 00 22 00 00 00 22
24 21 26 00 22 00 12 00 24 21 21 21 25 00 12 00 22 00 23 21 25
90 90 22 00 22 00 22 00 00 00 00 00 00 00 22 00 22 00 22 90 90
90 90 22 00 22 00 33 26 00 23 21 26 00 23 34 00 22 00 22 90 90
90 90 22 00 11 00 24 25 00 22 90 22 00 24 25 00 11 00 22 90 90
90 90 22 00 00 00 00 00 00 22 90 22 00 00 00 00 00 00 22 90 90
21 21 25 00 13 21 32 14 00 24 21 25 00 13 32 21 14 00 24 21 21
00 00 00 00 00 00 22 00 00 00 00 00 00 00 22 00 00 00 00 00 00
23 21 14 00 12 00 11 00 13 21 32 21 14 00 11 00 12 00 13 21 26
22 01 00 00 22 00 00 00 00 00 22 00 00 00 00 00 22 00 00 01 22
22 00 23 21 34 00 23 21 26 00 22 00 23 21 26 00 33 21 26 00 22
22 00 24 21 25 00 24 21 25 00 11 00 24 21 25 00 24 21 25 00 22
22 00 00 00 00 00 00 00 00 00 00 00 00 00 00 00 00 00 00 00 22
24 21 21 21 21 21 21 21 21 21 21 21 21 21 21 21 21 21 21 21 25
