23 21 21 21 21 21 21 21 26 99 99 99 23 21 21 21 21 21 21 21 26
22 00 00 00 00 00 00 00 22 99 99 99 22 00 00 00 00 00 00 00 22
22 00 23 26 00 23 26 00 22 99 99 99 22 00 23 26 00 23 26 00 22
22 00 24 25 00 24 25 00 22 99 99 99 22 00 24 25 00 24 25 00 22
22 00 00 00 01 00 00 00 24 21 21 21 25 00 00 00 01 00 00 00 22
22 00 23 26 00 23 26 00 00 00 00 00 00 00 23 26 00 23 26 00 22
22 00 24 25 00 24 25 00 23 26 00 23 26 00 24 25 00 24 25 00 22
22 00 00 00 00 00 00 00 24 25 00 24 25 00 00 00 00 00 00 00 22
22 00 23 26 00 23 26 00 00 00 00 00 00 00 23 26 00 23 26 00 22
22 00 24 25 00 24 25 00 23 26 00 23 26 00 24 25 00 24 25 00 22
22 00 00 00 00 00 00 00 24 25 00 24 25 00 00 00 00 00 00 00 22
24 21 26 00 00 00 00 00 00 00 00 00 00 00 00 00 00 00 23 21 25
99 99 22 00 00 00 00 00 23 14 00 13 26 00 00 00 00 00 22 99 99
21 21 25 00 00 00 00 00 22 00 00 00 22 00 00 00 00 00 24 21 21
00 00 00 00 00 00 00 00 22 00 00 00 22 00 00 00 00 00 00 00 00
21 21 26 00 00 00 00 00 24 21 21 21 25 00 00 00 00 00 23 21 21
23 21 25 00 00 00 00 00 00 00 00 00 00 00 00 00 00 00 24 21 26
22 00 00 00 00 00 00 00 00 00 00 00 00 00 00 00 00 00 00 00 22
22 00 23 26 00 23 26 00 23 26 00 23 26 00 23 26 00 23 26 00 22
22 00 24 25 00 24 25 00 24 25 00 24 25 00 24 25 00 24 25 00 22
22 00 00 00 00 00 00 00 00 00 00 00 00 00 00 00 00 00 00 00 22
22 00 23 26 00 23 26 00 00 00 00 00 00 00 23 26 00 23 26 00 22
22 00 24 25 00 24 25 00 00 23 21 26 00 00 24 25 00 24 25 00 22
22 00 00 00 01 00 00 00 00 22 99 22 00 00 00 00 01 00 00 00 22
22 00 23 26 00 23 26 00 23 25 99 24 26 00 23 26 00 23 26 00 22
22 00 24 25 00 24 25 00 22 99 99 99 22 00 24 25 00 24 25 00 22
22 00 00 00 00 00 00 00 22 99 99 99 22 00 00 00 00 00 00 00 22
24 21 21 21 21 21 21 21 25 99 99 99 24 21 21 21 21 21 21 21 25
